0 1641 1248 3022 1292 2155 2121 2061 2207 815 1461 486 1967 201 2673 604 1235 2580 2946 398 3359 1482 277 1226 1731 903 1102 1256 
1641 0 2111 1432 1592 2212 1778 2665 2904 1133 1693 1636 329 1680 1292 1550 973 3188 1886 1676 2333 2450 1687 481 2463 750 2275 2233 
1248 2111 0 3117 624 1118 1372 820 973 1893 666 1726 2349 1439 2556 1831 1178 1341 2477 1639 2786 339 964 1932 489 1652 378 144 
3022 1432 3117 0 2496 2667 2107 3370 3620 2562 2503 3067 1110 3089 661 2983 1988 3785 1335 3103 1626 3428 3009 1913 3300 2169 3394 3265 
1292 1592 624 2496 0 878 873 1081 1314 1687 173 1716 1791 1485 1932 1775 620 1619 1900 1657 2246 933 1060 1524 873 1313 947 764 
2155 2212 1118 2667 878 0 559 780 1007 2547 705 2593 2309 2352 2013 2654 1320 1119 1634 2530 1827 1212 1905 2284 894 2132 1490 1224 
2121 1778 1372 2107 873 559 0 1302 1543 2329 740 2495 1822 2302 1453 2524 1029 1679 1137 2452 1414 1575 1915 1942 1326 1862 1745 1118 
2061 2665 820 3370 1081 780 1302 0 251 2670 972 2545 2836 2259 2734 2645 1693 546 2412 2459 2601 675 1784 2599 338 2362 1076 836 
2207 2904 973 3620 1314 1007 1543 251 0 2857 1215 2693 3082 2402 2981 2802 1931 376 2641 2603 2809 748 1930 2821 489 2573 1160 954 
815 1133 1893 2562 1687 2547 2329 2670 2857 0 1854 555 1451 730 2383 435 1300 3213 2855 629 3300 2190 1028 652 2368 495 1855 1953 
1461 1693 666 2503 173 705 740 972 1215 1854 0 1889 1868 1656 1912 1948 724 1497 1813 1829 2138 936 1225 1662 810 1467 1022 811 
486 1636 1726 3067 1716 2593 2495 2545 2693 555 1889 0 1964 299 2819 151 1521 3066 3200 104 3632 1968 763 1162 2216 905 1581 1747 
1967 329 2349 1110 1791 2309 1822 2836 3082 1451 1868 1964 0 2009 1054 1874 1177 3341 1724 2005 2159 2687 2000 803 2664 1079 2545 2480 
201 1680 1439 3089 1485 2352 2302 2259 2402 730 1656 299 2009 0 2778 434 1383 2775 3090 202 3510 1671 475 1234 1928 929 1282 1456 
2673 1292 2556 661 1932 2013 1453 2734 2981 2383 1912 2819 1054 2778 0 2765 1509 3132 761 2833 1149 2849 2605 1746 2689 1921 2865 2703 
604 1550 1831 2983 1775 2654 2524 2645 2802 435 1948 151 1874 434 2765 0 1527 3172 3179 253 3616 2085 875 1071 2320 843 1706 1862 
1235 973 1178 1988 620 1320 1029 1693 1931 1300 724 1521 1177 1383 1509 1527 0 2222 1711 1498 2127 1512 1114 964 1493 835 1413 1307 
2580 3188 1341 3785 1619 1119 1679 546 376 3213 1497 3066 3341 2775 3132 3172 2222 0 2706 2977 2814 1123 2303 3142 852 2909 1536 1330 
2946 1886 2477 1335 1900 1634 1137 2412 2641 2855 1813 3200 1724 3090 761 3179 1711 2706 0 3190 449 2707 2808 2274 2463 2362 2835 2622 
398 1676 1639 3103 1657 2530 2452 2459 2603 629 1829 104 2005 202 2833 253 1498 2977 3190 0 3618 1874 675 1209 2128 934 1483 1654 
3359 2333 2786 1626 2246 1827 1414 2601 2809 3300 2138 3632 2159 3510 1149 3616 2127 2814 449 3618 0 2982 3206 2726 2704 2806 3156 2929 
1482 2450 339 3428 933 1212 1575 675 748 2190 936 1968 2687 1671 2849 2085 1512 1123 2707 1874 2982 0 1209 2266 357 1979 412 241 
277 1687 964 3009 1060 1905 1915 1784 1930 1028 1225 763 2000 475 2605 875 1114 2303 2808 675 3206 1209 0 1323 1453 994 839 984 
1226 481 1932 1913 1524 2284 1942 2599 2821 652 1662 1162 803 1234 1746 1071 964 3142 2274 1209 2726 2266 1323 0 2348 329 2023 2033 
1731 2463 489 3300 873 894 1326 338 489 2368 810 2216 2664 1928 2689 2320 1493 852 2463 2128 2704 357 1453 2348 0 2091 741 497 
903 750 1652 2169 1313 2132 1862 2362 2573 495 1467 905 1079 929 1921 843 835 2909 2362 934 2806 1979 994 329 2091 0 1713 1744 
1102 2275 378 3394 947 1490 1745 1076 1160 1855 1022 1581 2545 1282 2865 1706 1413 1536 2835 1483 3156 412 839 2023 741 1713 0 274 
1256 2233 144 3265 764 1224 1118 836 954 1953 811 1747 2480 1456 2703 1862 1307 1330 2622 1654 2929 241 984 2033 497 1744 274 0 
0 2079 1578 6000 1652 2765 2775 2595 2892 1183 1848 611 0 294 5215 788 1662 3296 4230 501 4763 1855 356 1578 2187 1142 1408 1540 
2079 0 2824 6083 2120 2942 2941 3193 3500 1610 2017 2161 0 2173 5298 2108 1283 3852 4397 2074 4931 3250 2100 806 2933 947 3108 2906 
1578 2824 0 4736 716 1453 1594 1004 1301 2528 906 2171 0 1854 3951 2348 1690 1712 3050 2061 3584 434 1372 2738 586 2302 524 226 
6000 6083 4736 0 4275 3836 3142 4821 5128 6548 4076 6593 0 6279 785 6770 4926 5348 1686 6483 2230 5159 5794 6120 4756 6052 5261 4899 
1652 2120 716 4275 0 1134 1133 1366 1673 2200 209 2245 0 1930 3490 2422 973 2027 2589 2135 3123 1148 1446 2157 1015 1789 1239 952 
2765 2942 1453 3836 1134 0 694 991 1298 3407 935 3357 0 3040 3051 3534 1785 1518 2150 3247 2684 1444 2568 2979 1014 2911 1892 1488 
2775 2941 1594 3142 1133 694 0 1679 1986 3406 934 3366 0 3049 2357 3543 1784 2206 1456 3255 1990 2017 2566 2978 1614 2910 2119 1804 
2595 3193 1004 4821 1366 991 1679 0 300 3541 1186 3188 0 2871 4036 3365 2036 711 3135 3078 3669 852 2385 3230 408 3143 1300 1080 
2892 3500 1301 5128 1673 1298 1986 300 0 3838 1493 3485 0 3168 4443 3662 2336 476 3442 3375 3976 1144 2682 3537 705 3450 1597 1367 
1183 1610 2528 6548 2200 3407 3406 3541 3838 0 2482 688 0 1075 5763 537 2035 4242 4862 800 5396 2805 1389 1070 3127 634 2397 2316 
1848 2017 906 4076 209 935 934 1186 1493 2482 0 2442 0 2125 3291 2618 874 1847 2390 2332 2924 1338 1643 2054 926 1986 1428 1104 
611 2161 2171 6593 2245 3357 3366 3188 3485 688 2442 0 0 395 5808 185 2253 3889 4822 120 5356 2448 949 1660 2770 1224 2001 2132 
0 0 0 0 0 0 0 0 0 0 0 0 0 0 0 0 0 0 0 0 0 0 0 0 0 0 0 0 
294 2173 1854 6279 1930 3040 3049 2871 3168 1075 2125 395 0 0 5491 572 1851 3572 4505 285 5039 2131 632 1672 2453 1236 1684 1797 
5215 5298 3951 785 3490 3051 2357 4036 4443 5763 3291 5808 0 5491 0 5985 4141 4563 901 5698 1445 4374 5009 5335 3971 5267 4476 4150 
788 2108 2348 6770 2422 3534 3543 3365 3662 537 2618 185 0 572 5985 0 2345 4066 4998 297 5533 2625 1126 1607 2947 1171 2178 2299 
1662 1283 1690 4926 973 1785 1784 2036 2336 2035 874 2253 0 1851 4141 2345 0 2747 0 2058 3764 2124 1454 1386 1776 1401 2214 1747 
3296 3852 1712 5348 2027 1518 2206 711 476 4242 1847 3889 0 3572 4563 4066 2747 0 3662 3779 4196 1553 3090 3891 1109 3804 2001 1806 
4230 4397 3050 1686 2589 2150 1456 3135 3442 4862 2390 4822 0 4505 901 4998 0 3662 0 4712 544 3473 4023 4434 3070 4366 3575 3262 
501 2074 2061 6483 2135 3247 3255 3078 3375 800 2332 120 0 285 5698 297 2058 3779 4712 0 5243 2338 839 1573 2660 1137 1831 2019 
4763 4931 3584 2230 3123 2684 1990 3669 3976 5396 2924 5356 0 5039 1445 5533 3764 4196 544 5243 0 4007 4457 4968 3604 4900 4109 3770 
1855 3250 434 5159 1148 1444 2017 852 1144 2805 1338 2448 0 2131 4374 2625 2124 1553 3473 2338 4007 0 1649 3015 429 2579 521 355 
356 2100 1372 5794 1446 2568 2566 2385 2682 1389 1643 949 0 632 5009 1126 1454 3090 4023 839 4457 1649 0 1599 1962 1163 1202 1344 
1578 806 2738 6120 2157 2979 2978 3230 3537 1070 2054 1660 0 1672 5335 1607 1386 3891 4434 1573 4968 3015 1599 0 2970 446 2607 2666 
2187 2933 586 4756 1015 1014 1614 408 705 3127 926 2770 0 2453 3971 2947 1776 1109 3070 2660 3604 429 1962 2970 0 2792 882 674 
1142 947 2302 6052 1789 2911 2910 3143 3450 634 1986 1224 0 1236 5267 1171 1401 3804 4366 1137 4900 2579 1163 446 2792 0 2171 2234 
1408 3108 524 5261 1239 1892 2119 1300 1597 2397 1428 2001 0 1684 4476 2178 2214 2001 3575 1831 4109 521 1202 2607 882 2171 0 402 
1540 2906 226 4899 952 1488 1804 1080 1367 2316 1104 2132 0 1797 4150 2299 1747 1806 3262 2019 3770 355 1344 2666 674 2234 402 0 
